iteration	shoreline	crops	herbaceous_wet	woody_wet	energy_tank	flight_cost_(kcal_per_hour)	flight_speed_(km_per_hour)	km_per_kcal	range_(km)
1	26622	106602	8626	11389	1091	43	88	2.046511627906980	2232.744186046510000
2	29391	47282	26910	21723	912	53	90	1.698113207547170	1548.679245283020000
3	29276	102211	4543	25984	1085	39	74	1.897435897435900	2058.717948717950000
4	13337	101433	28727	3648	1186	53	110	2.075471698113210	2461.509433962260000
5	37133	89924	37256	12646	1105	45	101	2.244444444444440	2480.111111111110000
6	20603	50695	46718	8555	927	40	103	2.575000000000000	2387.025000000000000
7	18375	98832	46090	3659	1355	53	79	1.490566037735850	2019.716981132080000
8	43580	98893	32402	6315	1146	41	93	2.268292682926830	2599.463414634150000
9	37708	94817	14618	39934	1164	46	67	1.456521739130430	1695.391304347830000
10	48739	78408	45255	12605	1044	43	112	2.604651162790700	2719.255813953490000
11	9038	83182	44913	26091	974	39	57	1.461538461538460	1423.538461538460000
12	33586	75847	4869	34163	1369	41	52	1.268292682926830	1736.292682926830000
13	22041	47025	35445	10200	1037	57	89	1.561403508771930	1619.175438596490000
14	38986	79068	32743	12924	1443	54	59	1.092592592592590	1576.611111111110000
15	11644	76570	40378	20912	1135	50	45	0.900000000000000	1021.500000000000000
16	10654	94243	8727	38982	1209	50	122	2.440000000000000	2949.960000000000000
17	16539	73651	13109	7512	1253	39	95	2.435897435897440	3052.179487179490000
18	31360	57008	29348	26578	1017	43	76	1.767441860465120	1797.488372093020000
19	22489	69447	23953	42799	1132	43	89	2.069767441860470	2342.976744186050000
20	47086	75111	11113	5318	1309	52	89	1.711538461538460	2240.403846153850000
21	10102	56695	35030	38007	1395	51	44	0.862745098039216	1203.529411764710000
22	48265	88582	3593	21750	966	58	118	2.034482758620690	1965.310344827590000
23	33414	68710	28242	12991	1206	50	109	2.180000000000000	2629.080000000000000
24	35611	69138	31354	45765	1297	50	59	1.180000000000000	1530.460000000000000
25	28171	103404	17323	28967	1426	56	92	1.642857142857140	2342.714285714290000
26	29483	78113	28487	3175	1459	41	86	2.097560975609760	3060.341463414630000
27	43776	84538	20777	8392	1265	45	85	1.888888888888890	2389.444444444440000
28	15599	99996	20827	44126	889	45	102	2.266666666666670	2015.066666666670000
29	18901	73650	42485	10323	1164	58	114	1.965517241379310	2287.862068965520000
30	45434	72072	15212	17445	1178	55	49	0.890909090909091	1049.490909090910000
31	32367	109771	7488	46622	1173	43	82	1.906976744186050	2236.883720930230000
32	34419	67840	24305	19754	1372	40	62	1.550000000000000	2126.600000000000000
33	44406	58974	4523	26808	1231	53	69	1.301886792452830	1602.622641509430000
34	33612	92634	40137	36893	1211	46	102	2.217391304347830	2685.260869565220000
35	9163	97935	14252	8102	995	43	86	2.000000000000000	1990.000000000000000
36	33289	84280	10247	29184	1326	38	105	2.763157894736840	3663.947368421050000
37	39219	58224	40159	29452	1231	54	53	0.981481481481482	1208.203703703700000
38	22797	50798	18768	43866	965	41	45	1.097560975609760	1059.146341463410000
39	21342	90145	26272	43436	882	57	92	1.614035087719300	1423.578947368420000
40	26596	57902	19538	9847	1237	55	57	1.036363636363640	1281.981818181820000
41	38693	79015	32754	47427	896	41	73	1.780487804878050	1595.317073170730000
42	7495	70594	9931	20003	1255	57	54	0.947368421052632	1188.947368421050000
43	38528	67956	30623	10288	1415	51	111	2.176470588235290	3079.705882352940000
44	27500	96274	25733	16268	1114	49	103	2.102040816326530	2341.673469387760000
45	23117	49511	20354	6216	993	41	56	1.365853658536590	1356.292682926830000
46	9539	99955	22626	28620	1135	43	103	2.395348837209300	2718.720930232560000
47	43521	73645	10085	31436	1181	45	49	1.088888888888890	1285.977777777780000
48	6229	80958	23812	36147	1219	53	88	1.660377358490570	2024.000000000000000
49	39359	79740	25003	28115	1060	40	105	2.625000000000000	2782.500000000000000
50	8544	46300	37429	15963	1080	41	86	2.097560975609760	2265.365853658540000
51	16186	59556	13499	28870	953	48	67	1.395833333333330	1330.229166666670000
52	42554	101585	33437	7855	1031	57	65	1.140350877192980	1175.701754385960000
53	9936	65872	16522	26120	943	48	44	0.916666666666667	864.416666666667000
54	45899	89877	3345	22718	1264	38	57	1.500000000000000	1896.000000000000000
55	42926	105634	3674	47270	1292	57	59	1.035087719298250	1337.333333333330000
56	14195	74798	26939	14297	1361	49	94	1.918367346938780	2610.897959183670000
57	45187	107412	46232	9128	996	39	54	1.384615384615380	1379.076923076920000
58	25203	48039	31009	32222	1321	54	72	1.333333333333330	1761.333333333330000
59	24073	62275	28010	23031	989	56	54	0.964285714285714	953.678571428571000
60	3962	96395	9413	18664	1338	50	100	2.000000000000000	2676.000000000000000
61	13126	80572	23139	10714	1329	53	104	1.962264150943400	2607.849056603770000
62	32228	92150	39553	6982	1420	57	95	1.666666666666670	2366.666666666670000
63	41706	64453	26907	14808	924	44	85	1.931818181818180	1785.000000000000000
64	7219	100457	49086	24124	1451	57	98	1.719298245614040	2494.701754385970000
65	35539	53099	27994	23431	994	44	65	1.477272727272730	1468.409090909090000
66	37548	44449	48556	38751	1322	47	90	1.914893617021280	2531.489361702130000
67	19550	106412	48793	4108	1159	52	84	1.615384615384620	1872.230769230770000
68	43678	91096	3745	40672	1318	58	103	1.775862068965520	2340.586206896550000
69	24188	105895	6483	19047	1291	55	90	1.636363636363640	2112.545454545450000
70	35419	78370	36816	46771	1343	55	121	2.200000000000000	2954.600000000000000
71	46957	105640	47996	24169	1190	45	51	1.133333333333330	1348.666666666670000
72	21089	106424	19162	43857	1403	52	70	1.346153846153850	1888.653846153850000
73	48946	83750	26212	46396	1195	54	43	0.796296296296296	951.574074074074000
74	39163	54257	39867	15177	1096	43	53	1.232558139534880	1350.883720930230000
75	49221	57172	38008	45602	1288	46	112	2.434782608695650	3136.000000000000000
76	13386	58887	20018	17396	1141	39	115	2.948717948717950	3364.487179487180000
77	43763	56633	24107	13493	1447	56	58	1.035714285714290	1498.678571428570000
78	24990	94448	29073	10689	1196	49	87	1.775510204081630	2123.510204081630000
79	19605	102358	14981	4448	1353	47	75	1.595744680851060	2159.042553191490000
80	44671	110577	48759	47939	1324	50	105	2.100000000000000	2780.400000000000000
81	9350	62965	22057	12057	1302	45	107	2.377777777777780	3095.866666666670000
82	19588	64248	48785	32405	1275	54	45	0.833333333333333	1062.500000000000000
83	45748	96253	45480	26419	1057	52	80	1.538461538461540	1626.153846153850000
84	48960	48843	43190	47269	1301	47	93	1.978723404255320	2574.319148936170000
85	27823	81502	47092	15997	1163	40	111	2.775000000000000	3227.325000000000000
86	42647	50683	38934	8370	1295	48	119	2.479166666666670	3210.520833333330000
87	10506	99505	32316	25802	1165	55	95	1.727272727272730	2012.272727272730000
88	40221	55509	35996	12246	1344	38	62	1.631578947368420	2192.842105263160000
89	29074	49345	25436	44590	1342	46	64	1.391304347826090	1867.130434782610000
90	11106	68391	14416	25435	1445	51	70	1.372549019607840	1983.333333333330000
91	9635	106686	34051	19142	1328	53	65	1.226415094339620	1628.679245283020000
92	28315	97589	26661	48590	899	53	59	1.113207547169810	1000.773584905660000
93	18551	78045	38491	22943	1442	58	113	1.948275862068970	2809.413793103450000
94	3954	98770	18768	44020	1017	39	57	1.461538461538460	1486.384615384620000
95	33606	94600	22246	24394	1083	56	79	1.410714285714290	1527.803571428570000
96	34066	110087	7449	34995	1033	43	90	2.093023255813950	2162.093023255810000
97	42794	105700	13423	25542	946	42	96	2.285714285714290	2162.285714285710000
98	45450	56309	17613	48127	1149	56	87	1.553571428571430	1785.053571428570000
99	31197	86142	43872	24141	1022	45	82	1.822222222222220	1862.311111111110000
100	38236	84200	20459	24635	1000	52	94	1.807692307692310	1807.692307692310000
101	43587	71945	46624	35304	882	48	107	2.229166666666670	1966.125000000000000
102	26543	73692	28511	9369	1274	44	99	2.250000000000000	2866.500000000000000
103	7946	72284	3107	19545	1430	45	111	2.466666666666670	3527.333333333330000
104	47314	61521	15544	45809	896	49	51	1.040816326530610	932.571428571429000
105	44856	67333	47567	45563	1210	57	105	1.842105263157890	2228.947368421050000
106	25164	60743	15405	31767	1074	50	95	1.900000000000000	2040.600000000000000
107	28670	55344	19236	17413	954	39	51	1.307692307692310	1247.538461538460000
108	35877	90594	4779	29621	1080	55	75	1.363636363636360	1472.727272727270000
109	23047	90377	31497	44517	1047	40	74	1.850000000000000	1936.950000000000000
110	6741	60377	44372	39357	1212	53	41	0.773584905660377	937.584905660377000
111	32125	77722	30585	14627	1373	48	65	1.354166666666670	1859.270833333330000
112	36180	89982	12050	39407	1264	51	66	1.294117647058820	1635.764705882350000
113	21874	103013	39455	3904	1449	50	62	1.240000000000000	1796.760000000000000
114	39644	91256	38931	45477	1207	42	83	1.976190476190480	2385.261904761910000
115	5306	78261	42232	23334	1349	38	61	1.605263157894740	2165.500000000000000
116	46082	107372	38135	25172	1425	38	106	2.789473684210530	3975.000000000000000
117	45253	66965	5566	34726	1293	58	99	1.706896551724140	2207.017241379310000
118	12224	89988	42202	33783	1358	57	52	0.912280701754386	1238.877192982460000
119	45465	62086	40453	43886	1102	48	69	1.437500000000000	1584.125000000000000
120	12946	51977	38895	40130	920	43	74	1.720930232558140	1583.255813953490000
121	47685	82734	39768	46526	1161	38	75	1.973684210526320	2291.447368421050000
122	19026	78501	25581	15001	1300	51	67	1.313725490196080	1707.843137254900000
123	48787	110499	4757	17030	974	58	42	0.724137931034483	705.310344827586000
124	17145	90694	27753	36732	960	50	94	1.880000000000000	1804.800000000000000
125	9916	94312	15790	42196	1054	39	75	1.923076923076920	2026.923076923080000
126	8018	62622	10705	12032	1018	39	109	2.794871794871790	2845.179487179490000
127	32407	56397	12324	5470	1129	41	92	2.243902439024390	2533.365853658540000
128	14623	91215	46242	30722	983	46	65	1.413043478260870	1389.021739130430000
129	3071	101585	30966	30703	1292	40	64	1.600000000000000	2067.200000000000000
130	41181	83823	10414	8938	1356	41	45	1.097560975609760	1488.292682926830000
131	18603	63844	48471	39955	1151	58	47	0.810344827586207	932.706896551724000
132	25571	86139	22716	13871	1302	57	106	1.859649122807020	2421.263157894740000
133	5717	90617	48783	22758	976	57	84	1.473684210526320	1438.315789473680000
134	8820	103842	12284	6042	1079	43	113	2.627906976744190	2835.511627906980000
135	27290	51986	4332	27982	999	39	90	2.307692307692310	2305.384615384620000
136	30550	80826	24513	27011	1339	39	114	2.923076923076920	3914.000000000000000
137	17579	88546	6295	11377	1140	50	81	1.620000000000000	1846.800000000000000
138	32631	67731	7140	28585	1454	54	91	1.685185185185190	2450.259259259260000
139	20228	89169	24073	22035	1377	43	78	1.813953488372090	2497.813953488370000
140	25713	83744	34461	9702	1121	42	70	1.666666666666670	1868.333333333330000
141	36271	97397	8541	27927	1131	54	97	1.796296296296300	2031.611111111110000
142	46109	95927	19985	46198	1007	45	77	1.711111111111110	1723.088888888890000
143	23284	84892	23609	48671	1317	49	118	2.408163265306120	3171.551020408160000
144	22725	96726	22225	26347	1443	44	65	1.477272727272730	2131.704545454550000
145	15712	60290	32579	29136	939	45	109	2.422222222222220	2274.466666666670000
146	28369	47158	9988	10257	1246	56	114	2.035714285714290	2536.500000000000000
147	5682	84472	19935	25818	1297	41	121	2.951219512195120	3827.731707317070000
148	46854	73589	31383	6115	1011	38	119	3.131578947368420	3166.026315789470000
149	28666	73523	30883	48276	917	51	117	2.294117647058820	2103.705882352940000
150	19232	89281	46101	4790	1270	40	44	1.100000000000000	1397.000000000000000
151	33808	85988	23041	35698	1072	40	60	1.500000000000000	1608.000000000000000
152	5013	49694	30353	21703	1280	56	56	1.000000000000000	1280.000000000000000
153	39636	90886	4924	25296	895	48	62	1.291666666666670	1156.041666666670000
154	47704	52388	13778	43503	1226	38	118	3.105263157894740	3807.052631578950000
155	27705	54020	28579	39297	1011	52	86	1.653846153846150	1672.038461538460000
156	43586	61713	29971	6893	1196	41	116	2.829268292682930	3383.804878048780000
157	35822	81349	11921	29276	989	53	91	1.716981132075470	1698.094339622640000
158	36863	49804	37565	38832	1299	43	99	2.302325581395350	2990.720930232560000
159	34674	108963	27558	46181	1187	53	78	1.471698113207550	1746.905660377360000
160	24692	76218	25999	20194	993	48	120	2.500000000000000	2482.500000000000000
161	23757	83017	39110	26597	1074	50	112	2.240000000000000	2405.760000000000000
162	28076	90925	34316	17627	1252	55	101	1.836363636363640	2299.127272727270000
163	6690	77976	34989	18062	981	40	94	2.350000000000000	2305.350000000000000
164	18380	85767	26206	31031	1043	55	54	0.981818181818182	1024.036363636360000
165	48076	73721	36722	5156	1237	50	69	1.380000000000000	1707.060000000000000
166	33291	51212	28072	18922	1027	40	89	2.225000000000000	2285.075000000000000
167	20978	102449	21374	3873	1254	49	74	1.510204081632650	1893.795918367350000
168	22102	109938	44530	18555	1046	40	57	1.425000000000000	1490.550000000000000
169	44116	79489	21873	48905	1362	47	52	1.106382978723400	1506.893617021280000
170	37767	70218	25908	7001	1431	41	85	2.073170731707320	2966.707317073170000
171	17227	53127	3701	16521	1038	51	113	2.215686274509800	2299.882352941180000
172	16575	54972	39269	19224	1290	53	92	1.735849056603770	2239.245283018870000
173	48207	104267	11397	25531	1006	54	46	0.851851851851852	856.962962962963000
174	26975	81056	46152	43609	938	54	66	1.222222222222220	1146.444444444440000
175	21909	71387	48291	8562	1211	45	49	1.088888888888890	1318.644444444440000
176	43044	99839	41369	16043	1186	53	115	2.169811320754720	2573.396226415090000
177	19719	70714	44987	15370	1078	47	62	1.319148936170210	1422.042553191490000
178	33039	77279	39382	42417	1380	42	116	2.761904761904760	3811.428571428570000
179	4741	110160	23484	21499	1233	41	43	1.048780487804880	1293.146341463410000
180	3767	104976	21077	26381	1317	41	84	2.048780487804880	2698.243902439020000
181	32918	63258	42600	22758	1284	56	108	1.928571428571430	2476.285714285710000
182	14046	90272	4784	13649	1367	51	48	0.941176470588235	1286.588235294120000
183	21926	109340	24049	19019	895	56	110	1.964285714285710	1758.035714285710000
184	30769	47140	26220	28473	1049	58	118	2.034482758620690	2134.172413793100000
185	11781	53165	37625	3773	1092	42	74	1.761904761904760	1924.000000000000000
186	5022	96570	37012	46273	1385	47	58	1.234042553191490	1709.148936170210000
187	41212	106695	26882	49228	1208	50	41	0.820000000000000	990.560000000000000
188	7651	72950	33084	23240	1410	42	60	1.428571428571430	2014.285714285710000
189	30564	76681	48095	4429	1149	47	68	1.446808510638300	1662.382978723400000
190	17469	64437	25156	30602	1259	40	63	1.575000000000000	1982.925000000000000
191	43087	89553	42796	44072	1084	45	95	2.111111111111110	2288.444444444440000
192	37882	92434	42721	40161	1248	58	102	1.758620689655170	2194.758620689660000
193	5896	101617	36674	22677	1014	42	79	1.880952380952380	1907.285714285710000
194	17032	88338	36195	30690	883	39	73	1.871794871794870	1652.794871794870000
195	7856	45160	3172	32036	1448	51	43	0.843137254901961	1220.862745098040000
196	13077	70449	8337	38160	1067	46	91	1.978260869565220	2110.804347826090000
197	35509	96085	9374	22710	1088	47	112	2.382978723404260	2592.680851063830000
198	4811	73728	21847	10877	1038	44	90	2.045454545454550	2123.181818181820000
199	17166	94786	22272	22350	1190	40	117	2.925000000000000	3480.750000000000000
200	13488	54014	27238	23005	1261	51	87	1.705882352941180	2151.117647058820000
201	32689	71947	13542	24417	1349	41	108	2.634146341463410	3553.463414634150000
202	32725	52312	45997	37777	1128	39	87	2.230769230769230	2516.307692307690000
203	27955	57835	46220	28093	1303	44	117	2.659090909090910	3464.795454545450000
204	17082	102578	28135	4336	1366	45	102	2.266666666666670	3096.266666666670000
205	27761	92845	24229	32099	1430	40	55	1.375000000000000	1966.250000000000000
206	43944	85142	40035	19982	1342	52	79	1.519230769230770	2038.807692307690000
207	42586	84646	35064	29715	1209	49	83	1.693877551020410	2047.897959183670000
208	30531	58702	20995	13375	1311	58	102	1.758620689655170	2305.551724137930000
209	34139	50843	28930	10612	1387	51	53	1.039215686274510	1441.392156862750000
210	29881	102241	11846	22446	955	52	92	1.769230769230770	1689.615384615380000
211	47942	97204	17507	9206	1195	58	50	0.862068965517241	1030.172413793100000
212	9561	54079	4164	6864	1123	44	50	1.136363636363640	1276.136363636360000
213	41048	102836	23817	13761	1348	53	65	1.226415094339620	1653.207547169810000
214	35941	97269	48312	42038	1025	56	83	1.482142857142860	1519.196428571430000
215	39852	48675	13925	32008	1423	51	101	1.980392156862750	2818.098039215690000
216	24101	77032	36972	39182	1044	42	99	2.357142857142860	2460.857142857140000
217	28952	108738	18702	31078	1323	51	61	1.196078431372550	1582.411764705880000
218	9596	56168	12831	15233	1269	40	109	2.725000000000000	3458.025000000000000
219	7662	64265	44881	22031	1316	45	44	0.977777777777778	1286.755555555560000
220	34339	64981	41333	6931	1309	52	119	2.288461538461540	2995.596153846150000
221	11753	66775	28036	12094	1263	53	98	1.849056603773580	2335.358490566040000
222	21489	71825	5680	31427	1365	49	98	2.000000000000000	2730.000000000000000
223	33946	83425	30870	7784	893	54	63	1.166666666666670	1041.833333333330000
224	36827	79816	48637	13559	1146	51	55	1.078431372549020	1235.882352941180000
225	33157	80366	29448	35011	1239	47	98	2.085106382978720	2583.446808510640000
226	16985	81134	12403	23615	1221	41	63	1.536585365853660	1876.170731707320000
227	21427	79226	34491	8123	1457	54	96	1.777777777777780	2590.222222222220000
228	23249	82003	27297	28082	1358	50	88	1.760000000000000	2390.080000000000000
229	36740	67529	4230	6951	903	38	58	1.526315789473680	1378.263157894740000
230	49152	86790	3419	10667	1061	41	50	1.219512195121950	1293.902439024390000
231	14056	52086	7603	43570	1211	46	93	2.021739130434780	2448.326086956520000
232	11294	109126	49015	34977	1144	45	69	1.533333333333330	1754.133333333330000
233	32429	104381	13125	20978	887	54	47	0.870370370370370	772.018518518518000
234	14074	95358	28671	32436	1200	52	95	1.826923076923080	2192.307692307690000
235	39180	56680	31101	20355	968	45	52	1.155555555555560	1118.577777777780000
236	14246	44445	41011	44820	1092	42	77	1.833333333333330	2002.000000000000000
237	39246	85419	38536	36837	891	42	45	1.071428571428570	954.642857142857000
238	15722	109606	12373	44645	1267	51	67	1.313725490196080	1664.490196078430000
239	43418	64237	5196	36793	1256	50	94	1.880000000000000	2361.280000000000000
240	38358	82728	19395	10724	1056	43	88	2.046511627906980	2161.116279069770000
241	8809	55619	22749	4541	1313	52	102	1.961538461538460	2575.500000000000000
242	17622	75954	43178	25699	1401	53	84	1.584905660377360	2220.452830188680000
243	39708	83587	21915	20961	1270	50	89	1.780000000000000	2260.600000000000000
244	31771	61842	16747	27240	1301	38	41	1.078947368421050	1403.710526315790000
245	32179	51976	38612	42041	1322	45	81	1.800000000000000	2379.600000000000000
246	24184	46860	4906	34785	1015	38	63	1.657894736842110	1682.763157894740000
247	6229	63166	40042	37725	909	53	48	0.905660377358491	823.245283018868000
248	5945	71116	31829	25357	1014	54	96	1.777777777777780	1802.666666666670000
249	9406	107908	3157	45245	1434	44	55	1.250000000000000	1792.500000000000000
250	45675	82257	28628	30866	915	55	106	1.927272727272730	1763.454545454550000
251	10121	51478	20755	44448	1157	53	42	0.792452830188679	916.867924528302000
252	18447	94834	9154	42729	985	46	61	1.326086956521740	1306.195652173910000
253	4769	98785	48217	14207	1272	44	77	1.750000000000000	2226.000000000000000
254	17083	102525	39504	30126	987	50	89	1.780000000000000	1756.860000000000000
255	5946	83140	3231	11205	962	45	108	2.400000000000000	2308.800000000000000
256	45842	51941	28812	12492	1326	40	88	2.200000000000000	2917.200000000000000
257	16874	102521	42074	30365	1042	57	111	1.947368421052630	2029.157894736840000
258	30601	58020	43855	23342	1060	44	76	1.727272727272730	1830.909090909090000
259	29704	63753	32902	25292	1235	50	101	2.020000000000000	2494.700000000000000
260	13466	47007	22796	14941	1136	51	87	1.705882352941180	1937.882352941180000
261	18622	75885	47729	4039	1444	42	91	2.166666666666670	3128.666666666670000
262	41232	83239	25957	11723	947	53	85	1.603773584905660	1518.773584905660000
263	17245	106783	33756	37323	1265	53	58	1.094339622641510	1384.339622641510000
264	8536	59010	31960	29160	1021	53	99	1.867924528301890	1907.150943396230000
265	5735	104133	40302	12846	1123	57	103	1.807017543859650	2029.280701754390000
266	18842	108482	7815	8847	924	50	96	1.920000000000000	1774.080000000000000
267	20859	81099	7774	39723	1402	49	70	1.428571428571430	2002.857142857140000
268	23789	61470	14147	43649	1025	41	76	1.853658536585370	1900.000000000000000
269	4922	96851	15726	43288	969	57	46	0.807017543859649	782.000000000000000
270	7298	63246	22053	37416	920	57	122	2.140350877192980	1969.122807017540000
271	11536	96567	46425	6959	983	38	85	2.236842105263160	2198.815789473680000
272	31263	81849	35228	48090	1260	41	86	2.097560975609760	2642.926829268290000
273	47073	82083	37249	20380	1119	45	104	2.311111111111110	2586.133333333330000
274	7554	74066	4154	38463	1236	54	101	1.870370370370370	2311.777777777780000
275	26108	54117	21180	45723	1289	49	70	1.428571428571430	1841.428571428570000
276	24154	104237	28381	47246	1447	49	74	1.510204081632650	2185.265306122450000
277	31374	89558	3294	29953	1117	49	54	1.102040816326530	1230.979591836730000
278	34363	93231	46635	16357	1348	55	108	1.963636363636360	2646.981818181820000
279	47445	88487	5838	31913	1168	40	121	3.025000000000000	3533.200000000000000
280	28178	44693	23216	48306	1096	55	59	1.072727272727270	1175.709090909090000
281	28463	47407	46720	19069	1451	53	110	2.075471698113210	3011.509433962260000
282	18989	75039	42750	13435	1298	58	96	1.655172413793100	2148.413793103450000
283	12542	92202	39923	38926	1275	54	62	1.148148148148150	1463.888888888890000
284	30626	105130	42850	7340	1285	52	49	0.942307692307692	1210.865384615380000
285	43340	109489	17531	14180	1083	40	113	2.825000000000000	3059.475000000000000
286	34970	63338	17418	12495	1079	48	88	1.833333333333330	1978.166666666670000
287	6680	102776	44862	5724	1208	56	91	1.625000000000000	1963.000000000000000
288	11794	52919	40028	7105	952	51	74	1.450980392156860	1381.333333333330000
289	22737	54887	31295	22940	1219	43	86	2.000000000000000	2438.000000000000000
290	41907	65248	10699	17047	953	52	49	0.942307692307692	898.019230769231000
291	18486	102968	17216	40789	1310	44	114	2.590909090909090	3394.090909090910000
292	7620	45301	20786	48120	1261	38	57	1.500000000000000	1891.500000000000000
293	24695	105849	5831	18921	1247	50	53	1.060000000000000	1321.820000000000000
294	47349	55586	25485	40705	1086	53	67	1.264150943396230	1372.867924528300000
295	31940	110032	48987	40896	1392	52	40	0.769230769230769	1070.769230769230000
296	7954	86706	29021	13782	1260	41	107	2.609756097560980	3288.292682926830000
297	20967	80325	45566	38448	1035	58	57	0.982758620689655	1017.155172413790000
298	35154	109198	21421	3116	1162	54	47	0.870370370370370	1011.370370370370000
299	10929	64917	28136	14506	1205	42	84	2.000000000000000	2410.000000000000000
300	15745	61859	30590	16235	1452	50	77	1.540000000000000	2236.080000000000000
301	29697	73998	7235	8727	1245	51	87	1.705882352941180	2123.823529411760000
302	37072	48765	24869	27330	1396	43	58	1.348837209302330	1882.976744186050000
303	11267	59729	25753	13510	1448	52	117	2.250000000000000	3258.000000000000000
304	45250	76622	9009	22123	1038	40	51	1.275000000000000	1323.450000000000000
305	32891	99768	22522	45449	1389	39	45	1.153846153846150	1602.692307692310000
306	26485	89278	29758	33561	1320	40	59	1.475000000000000	1947.000000000000000
307	34829	87087	34380	33317	1239	44	118	2.681818181818180	3322.772727272730000
308	6888	61665	14683	4378	1149	46	104	2.260869565217390	2597.739130434780000
309	36783	71882	29617	32371	1355	44	73	1.659090909090910	2248.068181818180000
310	45218	76941	45894	4277	1376	41	74	1.804878048780490	2483.512195121950000
311	41304	78652	31569	14579	1301	44	52	1.181818181818180	1537.545454545450000
312	24639	58759	8354	48278	1175	55	42	0.763636363636364	897.272727272727000
313	37066	60223	9095	26279	1160	39	115	2.948717948717950	3420.512820512820000
314	5495	44954	5063	17684	889	46	86	1.869565217391300	1662.043478260870000
315	35042	51297	44909	17078	1211	52	70	1.346153846153850	1630.192307692310000
316	40774	60684	39450	15880	1110	38	111	2.921052631578950	3242.368421052630000
317	20764	86412	48595	12234	973	38	57	1.500000000000000	1459.500000000000000
318	21043	57875	35181	11948	1387	42	107	2.547619047619050	3533.547619047620000
319	16814	50525	19418	31314	1391	42	96	2.285714285714290	3179.428571428570000
320	27535	58145	48261	17267	964	43	70	1.627906976744190	1569.302325581400000
321	40509	80411	21159	9964	918	43	44	1.023255813953490	939.348837209302000
322	12072	52712	13984	48408	958	56	43	0.767857142857143	735.607142857143000
323	42982	97935	15264	22853	980	46	84	1.826086956521740	1789.565217391300000
324	42734	59199	40029	24200	1134	47	71	1.510638297872340	1713.063829787230000
325	12110	105512	32741	17737	1349	57	50	0.877192982456140	1183.333333333330000
326	3599	49805	45070	25265	1199	57	75	1.315789473684210	1577.631578947370000
327	11499	62257	14106	18913	1424	55	78	1.418181818181820	2019.490909090910000
328	11757	63903	24691	42761	986	38	81	2.131578947368420	2101.736842105260000
329	29504	80056	20677	35699	1127	54	58	1.074074074074070	1210.481481481480000
330	38714	75736	32582	44206	1332	53	63	1.188679245283020	1583.320754716980000
331	31078	51191	17420	43228	1287	42	110	2.619047619047620	3370.714285714290000
332	21315	97110	21514	36447	956	46	51	1.108695652173910	1059.913043478260000
333	12593	84515	21946	32771	1458	45	116	2.577777777777780	3758.400000000000000
334	13226	106072	23460	3767	1063	42	53	1.261904761904760	1341.404761904760000
335	7686	64113	49267	6821	1432	54	116	2.148148148148150	3076.148148148150000
336	37930	53437	7343	36801	1121	58	51	0.879310344827586	985.706896551724000
337	7794	72191	48657	29445	1363	47	72	1.531914893617020	2088.000000000000000
338	28041	72947	24789	4772	1055	51	106	2.078431372549020	2192.745098039220000
339	13871	101844	18984	39225	1294	49	61	1.244897959183670	1610.897959183670000
340	22847	73187	46964	9811	1045	55	120	2.181818181818180	2280.000000000000000
341	21930	85812	7593	19472	1412	38	66	1.736842105263160	2452.421052631580000
342	35023	47448	12093	42324	1135	49	114	2.326530612244900	2640.612244897960000
343	31128	68938	41462	37629	1322	49	57	1.163265306122450	1537.836734693880000
344	29886	72026	5591	21234	1352	38	118	3.105263157894740	4198.315789473680000
345	15763	65206	4331	19781	1403	44	115	2.613636363636360	3666.931818181820000
346	40220	49975	49040	11113	898	54	104	1.925925925925930	1729.481481481480000
347	16429	49152	43085	38908	1042	40	108	2.700000000000000	2813.400000000000000
348	34582	46395	34154	20331	1187	49	121	2.469387755102040	2931.163265306120000
349	8617	96434	44333	6992	1384	51	116	2.274509803921570	3147.921568627450000
350	31107	107669	17586	35451	1107	57	84	1.473684210526320	1631.368421052630000
351	30859	92428	3830	35476	1230	49	77	1.571428571428570	1932.857142857140000
352	43056	77261	36100	25870	1329	40	118	2.950000000000000	3920.550000000000000
353	25859	82137	20390	45867	1404	53	41	0.773584905660377	1086.113207547170000
354	6151	54988	20378	17646	1183	55	65	1.181818181818180	1398.090909090910000
355	31959	59090	11258	31787	1177	44	51	1.159090909090910	1364.250000000000000
356	37810	106852	9800	6442	1151	58	68	1.172413793103450	1349.448275862070000
357	34113	96172	46487	8050	1440	49	89	1.816326530612240	2615.510204081630000
358	40122	51616	43909	32515	966	48	45	0.937500000000000	905.625000000000000
359	33026	107375	17718	28082	941	53	107	2.018867924528300	1899.754716981130000
360	16668	76844	5991	17125	1259	51	96	1.882352941176470	2369.882352941180000
361	28229	107915	12835	28383	1449	42	91	2.166666666666670	3139.500000000000000
362	33979	69231	42595	44151	1336	50	121	2.420000000000000	3233.120000000000000
363	46351	94178	33992	15408	923	50	58	1.160000000000000	1070.680000000000000
364	43792	46231	4415	37835	1392	46	121	2.630434782608700	3661.565217391300000
365	4184	73842	19074	11651	1442	40	84	2.100000000000000	3028.200000000000000
366	30836	99545	13961	42513	1333	55	79	1.436363636363640	1914.672727272730000
367	23049	52391	22479	13892	1420	41	93	2.268292682926830	3220.975609756100000
368	46436	100451	39442	31270	1328	57	96	1.684210526315790	2236.631578947370000
369	44706	104111	17252	30621	947	39	101	2.589743589743590	2452.487179487180000
370	41686	106518	29191	48146	1412	57	86	1.508771929824560	2130.385964912280000
371	34543	82316	15224	40643	1222	51	104	2.039215686274510	2491.921568627450000
372	30742	103262	10827	40798	1016	45	99	2.200000000000000	2235.200000000000000
373	5900	49119	13657	27195	1265	40	51	1.275000000000000	1612.875000000000000
374	33518	54065	3876	46236	892	41	103	2.512195121951220	2240.878048780490000
375	41015	57044	45611	32610	937	43	79	1.837209302325580	1721.465116279070000
376	45486	47600	36006	19153	1262	48	68	1.416666666666670	1787.833333333330000
377	26639	56145	17691	36449	1337	52	87	1.673076923076920	2236.903846153850000
378	31278	105993	8201	32224	1225	48	120	2.500000000000000	3062.500000000000000
379	22245	93711	30796	12687	1010	40	85	2.125000000000000	2146.250000000000000
380	40480	83897	11324	33916	1245	58	74	1.275862068965520	1588.448275862070000
381	41284	64113	33220	10946	1174	39	57	1.461538461538460	1715.846153846150000
382	37906	54091	4924	12957	1083	47	110	2.340425531914890	2534.680851063830000
383	39113	60707	23559	47540	1370	46	110	2.391304347826090	3276.086956521740000
384	27412	102042	8467	7169	942	43	106	2.465116279069770	2322.139534883720000
385	41116	82672	40420	3338	1019	51	72	1.411764705882350	1438.588235294120000
386	43296	109135	34867	28723	1219	51	122	2.392156862745100	2916.039215686270000
387	8142	44415	31939	6400	1341	55	73	1.327272727272730	1779.872727272730000
388	5177	83610	4417	34884	1389	43	69	1.604651162790700	2228.860465116280000
389	30363	99638	17712	25967	1383	57	50	0.877192982456140	1213.157894736840000
390	48894	50998	12645	17604	1330	54	100	1.851851851851850	2462.962962962960000
391	20311	60599	5755	46105	1237	41	70	1.707317073170730	2111.951219512200000
392	45649	45124	38029	30354	984	52	115	2.211538461538460	2176.153846153850000
393	13215	70229	44505	33676	1326	55	41	0.745454545454545	988.472727272727000
394	13361	46123	24117	9103	1122	44	95	2.159090909090910	2422.500000000000000
395	39771	106993	9097	36245	1035	52	85	1.634615384615380	1691.826923076920000
396	24580	79580	37256	11281	1399	42	110	2.619047619047620	3664.047619047620000
397	22254	76514	21858	19836	1410	51	113	2.215686274509800	3124.117647058820000
398	22943	101777	34633	12751	1133	57	51	0.894736842105263	1013.736842105260000
399	35593	59260	41386	20084	1052	41	61	1.487804878048780	1565.170731707320000
400	34133	102853	6881	4655	1058	44	46	1.045454545454550	1106.090909090910000
401	32868	108103	12756	40851	1264	51	105	2.058823529411760	2602.352941176470000
402	5353	91966	25468	10802	1170	56	100	1.785714285714290	2089.285714285710000
403	37758	59933	22475	32947	1304	52	111	2.134615384615380	2783.538461538460000
404	30745	51376	5081	32710	1102	53	112	2.113207547169810	2328.754716981130000
405	5844	86322	26349	23721	954	55	106	1.927272727272730	1838.618181818180000
406	39146	45515	9618	10326	1154	58	57	0.982758620689655	1134.103448275860000
407	33821	71236	24312	6093	1108	42	52	1.238095238095240	1371.809523809520000
408	8491	75986	46006	3563	957	47	57	1.212765957446810	1160.617021276600000
409	36541	101282	23345	19092	905	40	102	2.550000000000000	2307.750000000000000
410	7030	108531	15006	13072	1424	51	63	1.235294117647060	1759.058823529410000
411	7431	88635	32124	35492	1406	50	116	2.320000000000000	3261.920000000000000
412	27260	83086	19110	34882	1231	47	79	1.680851063829790	2069.127659574470000
413	23242	71606	8454	32360	1238	51	106	2.078431372549020	2573.098039215690000
414	48999	102991	24081	17779	1160	47	84	1.787234042553190	2073.191489361700000
415	14976	103657	8410	39500	1276	44	53	1.204545454545450	1537.000000000000000
416	27290	88331	33843	29221	1347	42	97	2.309523809523810	3110.928571428570000
417	38854	85297	15603	32298	1318	55	85	1.545454545454550	2036.909090909090000
418	15190	79505	21240	9165	964	58	96	1.655172413793100	1595.586206896550000
419	12087	86633	47602	12523	928	56	111	1.982142857142860	1839.428571428570000
420	32220	74356	33764	21415	1123	57	95	1.666666666666670	1871.666666666670000
421	21524	52994	7559	5065	1029	45	100	2.222222222222220	2286.666666666670000
422	12563	47309	21109	4991	1092	49	60	1.224489795918370	1337.142857142860000
423	42867	58477	35027	16017	1184	56	84	1.500000000000000	1776.000000000000000
424	42519	47068	33572	27896	1377	52	67	1.288461538461540	1774.211538461540000
425	31960	103682	9532	21813	1108	47	89	1.893617021276600	2098.127659574470000
426	19481	108979	4926	7366	1223	53	114	2.150943396226420	2630.603773584910000
427	45311	83531	24573	32159	1109	49	111	2.265306122448980	2512.224489795920000
428	22850	105333	42128	9218	944	41	111	2.707317073170730	2555.707317073170000
429	16621	68732	21046	14387	909	40	88	2.200000000000000	1999.800000000000000
430	33470	44597	13938	36920	1341	42	84	2.000000000000000	2682.000000000000000
431	36266	59316	37972	7192	1149	56	56	1.000000000000000	1149.000000000000000
432	3106	77434	38952	46964	1331	40	108	2.700000000000000	3593.700000000000000
433	24463	107993	43752	25749	1398	39	119	3.051282051282050	4265.692307692310000
434	36429	55599	47077	22241	1164	40	55	1.375000000000000	1600.500000000000000
435	16421	86221	35118	22916	1032	45	117	2.600000000000000	2683.200000000000000
436	46400	58157	29998	11531	908	55	110	2.000000000000000	1816.000000000000000
437	16355	62231	7637	9755	1344	54	98	1.814814814814810	2439.111111111110000
438	12774	99879	29812	34821	1320	42	57	1.357142857142860	1791.428571428570000
439	32634	61522	24084	24625	1130	40	79	1.975000000000000	2231.750000000000000
440	39012	101788	15670	41223	1020	49	113	2.306122448979590	2352.244897959180000
441	28604	91161	12583	38273	1275	46	116	2.521739130434780	3215.217391304350000
442	16090	51502	22121	39910	1257	47	56	1.191489361702130	1497.702127659570000
443	22603	96870	32916	46661	1351	41	52	1.268292682926830	1713.463414634150000
444	21378	59522	24469	33848	1264	48	104	2.166666666666670	2738.666666666670000
445	6001	61560	47180	20944	1034	38	86	2.263157894736840	2340.105263157890000
446	14743	96671	19487	20615	1327	57	44	0.771929824561403	1024.350877192980000
447	12338	109644	34118	21186	1439	45	46	1.022222222222220	1470.977777777780000
448	34763	99529	22240	44585	1114	48	59	1.229166666666670	1369.291666666670000
449	13609	68637	15329	26132	1048	42	89	2.119047619047620	2220.761904761900000
450	47868	86690	29850	20443	1220	46	96	2.086956521739130	2546.086956521740000
451	44048	44333	15186	36049	960	52	99	1.903846153846150	1827.692307692310000
452	37588	98082	9940	19706	1211	47	57	1.212765957446810	1468.659574468090000
453	3162	98639	8485	10742	1371	51	92	1.803921568627450	2473.176470588240000
454	4689	92348	38904	46674	1389	53	73	1.377358490566040	1913.150943396230000
455	10024	83182	49052	32655	1224	40	86	2.150000000000000	2631.600000000000000
456	26899	77399	10180	22225	1056	41	119	2.902439024390240	3064.975609756100000
457	27042	51788	25505	27699	977	54	67	1.240740740740740	1212.203703703700000
458	25485	50104	30262	46438	1081	47	113	2.404255319148940	2599.000000000000000
459	17647	69763	23013	42673	1197	56	60	1.071428571428570	1282.500000000000000
460	24598	98670	27399	25651	956	52	46	0.884615384615385	845.692307692308000
461	24853	102292	37514	35013	1053	44	80	1.818181818181820	1914.545454545450000
462	5081	75662	36432	41815	901	51	108	2.117647058823530	1908.000000000000000
463	11620	79330	37644	19099	970	45	60	1.333333333333330	1293.333333333330000
464	38430	73657	41192	8242	1265	43	43	1.000000000000000	1265.000000000000000
465	29008	84378	14049	31654	1378	38	101	2.657894736842110	3662.578947368420000
466	21301	106501	46803	47776	1361	56	91	1.625000000000000	2211.625000000000000
467	8218	47420	34318	18409	1461	48	53	1.104166666666670	1613.187500000000000
468	16202	77659	12209	12121	1383	46	97	2.108695652173910	2916.326086956520000
469	6001	79151	38784	15929	1005	49	82	1.673469387755100	1681.836734693880000
470	11682	94405	25912	46765	1337	40	79	1.975000000000000	2640.575000000000000
471	30795	84376	16318	25734	1031	54	96	1.777777777777780	1832.888888888890000
472	37564	65450	25504	35637	1362	55	90	1.636363636363640	2228.727272727270000
473	25472	44455	45000	23323	1144	46	119	2.586956521739130	2959.478260869570000
474	10002	69152	18088	6010	1461	48	114	2.375000000000000	3469.875000000000000
475	22309	51409	16332	34178	968	52	113	2.173076923076920	2103.538461538460000
476	32609	90818	5255	33071	1230	49	88	1.795918367346940	2208.979591836730000
477	37551	97175	16527	33095	1132	53	88	1.660377358490570	1879.547169811320000
478	31770	47131	22530	42507	1242	45	65	1.444444444444440	1794.000000000000000
479	10432	106783	40866	41257	1224	55	70	1.272727272727270	1557.818181818180000
480	40971	53653	8347	21337	1027	58	119	2.051724137931030	2107.120689655170000
481	21745	77863	37717	44512	1401	52	76	1.461538461538460	2047.615384615380000
482	12007	59344	30349	28491	1444	38	98	2.578947368421050	3724.000000000000000
483	44907	85603	9034	47881	1135	57	102	1.789473684210530	2031.052631578950000
484	46121	100526	41335	23140	1419	42	96	2.285714285714290	3243.428571428570000
485	26749	79412	14267	25120	975	56	77	1.375000000000000	1340.625000000000000
486	5063	63448	31729	12121	1414	55	107	1.945454545454550	2750.872727272730000
487	45312	44663	10004	18975	1249	56	83	1.482142857142860	1851.196428571430000
488	19047	46109	33821	45471	1380	45	43	0.955555555555556	1318.666666666670000
489	16035	95501	45506	10649	906	56	58	1.035714285714290	938.357142857143000
490	9902	83256	31378	39329	1001	56	77	1.375000000000000	1376.375000000000000
491	15304	109043	29237	33571	1390	39	93	2.384615384615380	3314.615384615380000
492	45507	78768	18999	25214	1047	51	74	1.450980392156860	1519.176470588240000
493	39232	76000	27841	5055	1355	38	62	1.631578947368420	2210.789473684210000
494	47427	97023	29341	30850	1346	39	120	3.076923076923080	4141.538461538460000
495	14459	68374	18622	13961	1360	55	92	1.672727272727270	2274.909090909090000
496	40458	81646	46483	25557	1349	55	58	1.054545454545450	1422.581818181820000
497	38517	105059	43389	23876	948	44	95	2.159090909090910	2046.818181818180000
498	7681	93352	5019	30007	960	39	120	3.076923076923080	2953.846153846150000
499	26913	109807	26318	25720	1139	49	78	1.591836734693880	1813.102040816330000
500	6398	56047	20812	22343	1171	58	79	1.362068965517240	1594.982758620690000
